9417035776
9439129600
9447903232
9447903232
9447903232
9447903232
9447903232
9447903232
9447903232
9447907328
9448189952
9448189952
9448189952
9448189952
9448189952
9448189952
9448189952
9448189952
9448189952
9448189952
9448189952
9448316928
9448341504
9448341504
9448341504
9448341504
9448341504
9448341504
9448341504
9448341504
9448341504
9448341504
9448341504
9448341504
9448341504
9448341504
9448341504
9448656896
9448656896
9448656896
9448656896
9448656896
9448656896
9448656896
9448656896
9448656896
9448656896
9448656896
9448656896
9449086976
9449086976
9449078784
9449074688
9449123840
9449111552
9449111552
9449111552
9448869888
9448869888
9448869888
9448869888
9449512960
9448861696
9448861696
9448927232
9448927232
9448927232
9448927232
9448927232
9448927232
9449218048
9449218048
9449218048
9449218048
9449218048
9449218048
9446830080
9446805504
9447890944
9447890944
9447956480
9447956480
9447956480
9447956480
9447956480
9447956480
9447956480
9447956480
9448443904
9448443904
9448443904
9448443904
9448443904
9448443904
9448443904
9448652800
9449279488
9449279488
9449279488
9449279488
9449279488
9464004608
9462525952
9462378496
9462378496
9462378496
9462378496
9462378496
9462362112
9462362112
9462362112
9462353920
9462353920
9462353920
9462353920
9462353920
9462353920
9462353920
9462353920
9462419456
9462419456
9462419456
9462419456
9462419456
9462419456
9462419456
9462419456
9462484992
9462484992
9462484992
9462484992
9462484992
9462484992
9462554624
9462554624
9462554624
9462554624
9462554624
9462554624
9462554624
9462685696
9462685696
9462685696
9462685696
9462685696
9462685696
9462685696
9462685696
9462857728
9462857728
9462857728
9462857728
9462857728
9462857728
9462857728
9462857728
9462853632
9462853632
9459703808
9459707904
9462710272
9462718464
9462718464
9462718464
9462992896
9462992896
9462992896
9462992896
9462992896
9462992896
9463476224
9463476224
9463476224
9463476224
9463476224
9463476224
9463476224
9463472128
9463541760
9463541760
9463541760
9463541760
9463541760
9463541760
9463541760
9463746560
9463885824
9463955456
9463955456
9463955456
9463955456
9464025088
9464025088
9464438784
9464438784
9464438784
9464442880
9466753024
9466753024
9466753024
9466892288
9464229888
9464229888
9464229888
9464229888
9464295424
9463554048
9463554048
9463554048
9463554048
9463554048
9463554048
9463554048
9463554048
9463554048
9463554048
9463554048
9463554048
9463554048
9463267328
9463267328
9463267328
9463267328
9463271424
9463271424
9464414208
9465315328
9465528320
9480032256
9480728576
9480798208
9480798208
9480798208
9480798208
9480798208
9480798208
9480798208
9480798208
9476907008
9476907008
9476882432
9476882432
9477160960
9477156864
9477156864
9477156864
9477156864
9477156864
9477685248
9477685248
9477668864
9477668864
9477668864
9477668864
9477668864
9477668864
9477738496
9477738496
9477738496
9477738496
9477738496
9477738496
9477738496
9477738496
9477795840
9477795840
9477795840
9477795840
9477795840
9477795840
9477795840
9477795840
9477795840
9477849088
9477840896
9477840896
9477840896
9477840896
9477840896
9478103040
9478172672
9478172672
9478172672
9478168576
9478168576
9478168576
9478168576
9478238208
9478238208
9478238208
9478238208
9478238208
9478238208
9478238208
9478238208
9478238208
9478238208
9478164480
9478164480
9478164480
9478164480
9476591616
9476591616
9476591616
9476591616
9476591616
9476591616
9476591616
9476591616
9476591616
9476591616
9475538944
9473441792
9473441792
9473441792
9473441792
9473441792
9473441792
9473441792
9473441792
9473441792
9473441792
9473441792
9473441792
9473441792
9473441792
9473441792
9473441792
9473441792
9473441792
9473441792
9473441792
9473511424
9473511424
9473650688
9473650688
9473650688
9473650688
9473650688
9473650688
9473650688
9473650688
9473638400
9473638400
9473638400
9473638400
9473638400
9473638400
9473646592
9474244608
9474244608
9474244608
9474244608
9474244608
9474244608
9474244608
9474244608
9474244608
9474244608
9474314240
9474314240
9474314240
9474383872
9474383872
9474383872
9474646016
9474646016
9474646016
9474646016
9474646016
9474646016
9474646016
9471717376
9471717376
9471717376
9471717376
9471717376
9471717376
9471856640
9471864832
9471864832
9471864832
9471864832
9471864832
9471864832
9471864832
9471864832
9471787008
9471787008
9471787008
9471787008
9471787008
9471787008
9471787008
9471787008
9471787008
9471787008
9471787008
9471787008
9471787008
9471787008
9471254528
9477033984
9473929216
9473929216
9473929216
9473929216
9473990656
9474060288
9474060288
9474199552
9474199552
9474199552
9474195456
9474195456
9474195456
9474195456
9474195456
9474195456
9474195456
9474195456
9474195456
9474195456
9474334720
9474334720
9474334720
9474334720
9474334720
9474334720
9474334720
9474334720
9474334720
9474334720
9474334720
9474334720
9474334720
9474334720
9474334720
9474334720
9474404352
9474404352
9474404352
9474404352
9474404352
9474404352
9474404352
9474404352
9474404352
9474404352
9474400256
9474408448
9474408448
9471893504
9471893504
9471893504
9471881216
9471881216
9471881216
9471881216
9471881216
9471881216
9471881216
9471881216
9471950848
9471950848
9471950848
9471950848
9471950848
9471950848
9471950848
9471950848
9472229376
9472229376
9472229376
9472229376
9472229376
9472229376
9472229376
9472229376
9472716800
9472720896
9472720896
9472720896
9472983040
9472983040
9471279104
9471348736
9471348736
9471348736
9471348736
9471348736
9471291392
9472000000
9472327680
9471729664
9471729664
9471827968
9471827968
9471823872
9471823872
9471893504
9470590976
9470922752
9470922752
9470922752
9470922752
9477267456
9477271552
9477271552
9477271552
9477271552
9477271552
9477267456
9477267456
9477267456
9477267456
9477267456
9477267456
9477267456
9477267456
9477271552
9477349376
9479647232
9477484544
9477484544
9477484544
9477484544
9477484544
9477484544
9477484544
9477484544
9477484544
9477500928
9477500928
9478680576
9478680576
9478680576
9478680576
9478680576
9478680576
9478688768
9478688768
9478688768
9478688768
9478610944
9478610944
9478610944
9478610944
9478610944
9478610944
9478610944
9478610944
9478578176
9478512640
9477955584
9477955584
9477955584
9477955584
9477955584
9477955584
9477955584
9477955584
9477955584
9477955584
9477955584
9477955584
9477853184
9477853184
9477853184
9477853184
9477853184
9477853184
9477853184
9477836800
9477836800
9477836800
9477836800
9477836800
9477836800
9477836800
9477836800
9477836800
9477836800
9477836800
9477836800
9477836800
9477836800
9474682880
9474686976
9474650112
9474650112
9474650112
9474650112
9474650112
9474265088
9474240512
9474031616
9474650112
9474650112
9474650112
9474650112
9468071936
9468071936
9468071936
9468071936
9468071936
9468071936
9468071936
9468071936
9468071936
9468071936
9468071936
9468067840
9468067840
9468067840
9470623744
9470623744
9470623744
9470504960
9470504960
9470504960
9470504960
9470504960
9470504960
9470500864
9470500864
9471582208
9471844352
9470967808
9470967808
9470967808
9470967808
9470967808
9470967808
9470775296
9470775296
9470967808
9470967808
9471258624
9471258624
9471258624
9471258624
9471258624
9471258624
9471258624
9471258624
9471258624
9471258624
9471254528
9471254528
9471254528
9471254528
9471254528
9471254528
9471254528
9471250432
9471250432
9471250432
9471250432
9471250432
9471250432
9471250432
9471250432
9471246336
9471246336
9471246336
9471246336
9467809792
9467711488
9467711488
9467711488
9467580416
9467580416
9467580416
9467580416
9467580416
9467580416
9467604992
9467604992
9467543552
9467805696
9467805696
9467875328
9467875328
9467875328
9467875328
9468010496
9468010496
9468010496
9468010496
9468010496
9468010496
9468010496
9468010496
9468076032
9468076032
9468739584
9468739584
9468739584
9468739584
9468805120
9465765888
9469898752
9469898752
9469898752
9469898752
9469898752
9469898752
9469898752
9469898752
9469898752
9469898752
9469898752
9469898752
9469898752
9469894656
9469894656
9469894656
9469894656
9469894656
9469894656
9469878272
9469878272
9469865984
9469865984
9469865984
9469865984
9469865984
9469865984
9469865984
9469865984
9469829120
9469829120
9469829120
9469829120
9470582784
9470582784
9470550016
9470550016
9470550016
9470550016
9470550016
9470550016
9470550016
9470550016
9470550016
9470550016
9470550016
9470550016
9467404288
9467404288
9467404288
9467404288
9467404288
9467404288
9467404288
9467404288
9467404288
9467404288
9467404288
9467404288
9467404288
9467400192
9467400192
9467400192
9467404288
9467187200
9467334656
9467334656
9467330560
9467330560
9467330560
9467330560
9467330560
9467330560
9467330560
9467592704
9467592704
9467592704
9467592704
9467592704
9467592704
9467592704
9467592704
9467580416
9467580416
9467580416
9467580416
9467580416
9467580416
9467580416
9467580416
9467580416
9467580416
9467580416
9467580416
9467580416
9467555840
9467858944
9467858944
9467617280
9460891648
9460891648
9469644800
9469644800
9469644800
9469644800
9469644800
9469632512
9469632512
9469632512
9469632512
9469632512
9469632512
9469632512
9469632512
9469632512
9469632512
9469632512
9469632512
9469632512
9469632512
9469632512
9469632512
9469632512
9469636608
9469636608
9469636608
9469636608
9469636608
9469636608
9469636608
9466490880
9466490880
9466490880
9466490880
9466490880
9466490880
9466490880
9466490880
9466490880
9466490880
9466490880
9466490880
9466490880
9466490880
9466490880
9466490880
9466490880
9466490880
9466490880
9466490880
9466490880
9466490880
9466490880
9466490880
9466490880
9466490880
9466490880
9466490880
9466490880
9466490880
9466490880
9466490880
9466490880
9466490880
9466490880
9466490880
9466490880
9466490880
9466490880
9466490880
9466474496
9466474496
9466474496
9466474496
9466474496
9466474496
9466478592
9466478592
9466478592
9466478592
9466478592
9466478592
9466478592
9466478592
9466478592
9466478592
9466478592
9466740736
9466740736
9466740736
9466728448
9466728448
9466728448
9466728448
9466728448
9466728448
9466728448
9466728448
9466728448
9456717824
9467805696
9467805696
9467805696
9467805696
9467805696
9467805696
9467805696
9467805696
9467805696
9467805696
9467805696
9467805696
9467805696
9464659968
9464676352
9464676352
9464676352
9464676352
9464676352
9464676352
9464676352
9464676352
9464676352
9464676352
9464676352
9464676352
9464676352
9464676352
9464676352
9464676352
9464676352
9464676352
9464676352
9464676352
9464676352
9464676352
9464676352
9464676352
9464676352
9464684544
9464684544
9464684544
9464684544
9464684544
9464684544
9464684544
9464684544
9464684544
9464684544
9464684544
9464684544
9464684544
9464684544
9464684544
9464684544
9464684544
9464684544
9464684544
9464684544
9464684544
9464684544
9464684544
9464684544
9464688640
9464967168
9464975360
9464983552
9464983552
9464983552
9464983552
9464983552
9464983552
9464983552
9465053184
9465053184
9465053184
9465053184
9465053184
9465053184
9465053184
9465053184
9465053184
9465053184
9465053184
9465053184
9465446400
9465708544
9465085952
9465085952
9465085952
9465085952
9465085952
9465085952
9465085952
9465085952
9465085952
9465085952
9462214656
